F = 0.05;
T = 50;