F = 0.25;
Ph = pi / 3;
T = 80;